[gd_scene load_steps=12 format=2]

[ext_resource path="res://assets/Player.tscn" type="PackedScene" id=1]
[ext_resource path="res://scripts/Player.gd" type="Script" id=2]
[ext_resource path="res://enviroments/env1.tres" type="Environment" id=3]
[ext_resource path="res://textures/Wood051_1K_Roughness.jpg" type="Texture" id=4]
[ext_resource path="res://textures/Wood051_1K_Color.jpg" type="Texture" id=5]
[ext_resource path="res://textures/Wood051_1K_Normal.jpg" type="Texture" id=6]

[sub_resource type="BoxShape" id=1]

[sub_resource type="CubeMesh" id=2]

[sub_resource type="BoxShape" id=3]
extents = Vector3( 15, 1, 15 )

[sub_resource type="CubeMesh" id=4]
size = Vector3( 30, 2, 30 )

[sub_resource type="SpatialMaterial" id=5]
albedo_color = Color( 0.568627, 0.517647, 0.517647, 1 )
albedo_texture = ExtResource( 5 )
roughness_texture = ExtResource( 4 )
normal_enabled = true
normal_scale = 1.0
normal_texture = ExtResource( 6 )
uv1_scale = Vector3( 0.2, 0.2, 0.2 )
uv1_triplanar = true

[node name="Level 1" type="Spatial"]

[node name="Box" type="RigidBody" parent="."]
transform = Transform( 1, 0, 0, 0, 1, 0, 0, 0, 1, -5.62473, 5.24552, 0 )

[node name="CollisionShape" type="CollisionShape" parent="Box"]
shape = SubResource( 1 )

[node name="MeshInstance" type="MeshInstance" parent="Box"]
mesh = SubResource( 2 )
material/0 = null

[node name="Floor" type="StaticBody" parent="."]

[node name="CollisionShape" type="CollisionShape" parent="Floor"]
shape = SubResource( 3 )

[node name="MeshInstance" type="MeshInstance" parent="Floor"]
mesh = SubResource( 4 )
material/0 = SubResource( 5 )

[node name="Player" parent="." instance=ExtResource( 1 )]
transform = Transform( 1, 0, 0, 0, 1, 0, 0, 0, 1, 0, 2.5906, 0 )
script = ExtResource( 2 )

[node name="Camera Target" type="Spatial" parent="Player"]
transform = Transform( 1, 0, 0, 0, 0.932204, 0.361934, 0, -0.361934, 0.932204, 0, 9.71554, 13.8535 )

[node name="InterpolatedCamera" type="InterpolatedCamera" parent="."]
transform = Transform( 1, 0, 0, 0, 0.571545, 0.820571, 0, -0.820571, 0.571545, 1.8831, 13.3047, 39.0029 )
environment = ExtResource( 3 )
target = NodePath("../Player/Camera Target")
speed = 3.0
enabled = true

[node name="Sun" type="DirectionalLight" parent="."]
transform = Transform( -0.33782, -0.926047, -0.168268, -0.133712, -0.129747, 0.98249, -0.931664, 0.354404, -0.0799928, -12.9555, 12.5147, -8.3359 )
shadow_enabled = true
